# position group1 [group2 ...]
0 0.02 0.01 0 0 0 0.005 0.005 0.01 0 0 0.0125 0.0275 0.0025 0.005 0 0.0125 0.0075 0 0.005 0.015 0.005 0 0.0225 0.0125 0.0125 0.0075 0.03 0.0175 0.0025 0 0.0075 0.005 0.015 0.005 0.015 0.015 0.005 0.0175 0.005 0.005 0.015 0.0025 0.0125 0.005 0.01 0.015 0.015 0 0.0075 0.0175 0.005 0.005 0.0125 0.0025 0.01 0.005 0.0025 0.035 0.0275 0.02 0.01 0.02 0.0025 0.0025 0.01 0.025 0.0175 0.0025 0.005 0.0025 0.0075 0.01 0 0.0075 0 0.0075 0.015 0.005 0.015 0 0.025 0.01 0.0025 0.015 0.0075 0.015 0.0225 0.0025 0.0375 0.005 0.0025 0 0 0.0025 0.0075 0.01 0 0.02 0.015 0 0.01 0.0025 0.015 0.0075 0.0175 0.015 
100000 0.0175 0.01 0 0 0 0.005 0.005 0.01 0 0 0.0125 0.0275 0.0025 0.0075 0 0.0125 0.0075 0 0.0075 0.015 0.005 0 0.0225 0.01 0.0125 0.0075 0.03 0.0175 0.0025 0 0.0075 0.005 0.015 0.005 0.015 0.015 0.005 0.02 0.005 0.005 0.0125 0.0025 0.0125 0.0025 0.01 0.0125 0.02 0 0.0125 0.0175 0.005 0.005 0.0125 0.0025 0 0.005 0.0025 0.035 0.0275 0.02 0.01 0.02 0.0025 0.0125 0.01 0.0275 0.0175 0.0025 0.005 0.0025 0.0075 0.01 0.005 0.0075 0 0.0075 0.015 0.005 0.015 0 0.025 0.01 0.0025 0.015 0.01 0.0125 0.025 0.0025 0.02 0.015 0.0025 0 0 0.0025 0.0075 0.01 0 0.02 0.015 0 0.01 0.0025 0.0125 0.0075 0.0175 0.01 
200000 0.0075 0.01 0 0 0 0.005 0.005 0.02 0 0 0.01 0.025 0.005 0.0075 0 0.0125 0.0075 0 0.0075 0.0125 0.005 0 0.0275 0.01 0.015 0.0075 0.0275 0.015 0.0025 0 0.0075 0.005 0.015 0.005 0.0125 0.015 0.005 0.02 0.005 0.005 0.0125 0.0025 0.015 0.0025 0.01 0.015 0.0175 0.0025 0.0125 0.0175 0.005 0.005 0.0125 0.0025 0 0.005 0.0025 0.0375 0.0275 0.02 0.01 0.02 0.0025 0.0125 0.0075 0.0275 0.015 0 0.005 0.0025 0.01 0.01 0.005 0.0075 0 0.0075 0.0175 0.005 0.015 0 0.025 0.01 0.0025 0.0175 0.01 0.0125 0.025 0.0025 0.02 0.015 0.0025 0 0 0.0025 0.0075 0.01 0 0.02 0.015 0 0.01 0.0025 0.0125 0.005 0.0175 0.01 
300000 0.0075 0.01 0 0 0 0.005 0.005 0.02 0 0 0.01 0.03 0.0025 0.015 0 0.0125 0.0075 0 0.0075 0.01 0.005 0 0.0275 0.01 0.015 0.0075 0.0275 0.015 0.0025 0 0.0075 0.005 0.015 0.005 0.0125 0.015 0.005 0.02 0.0125 0.005 0.005 0.0025 0.0175 0.0025 0.0125 0.015 0.0125 0.0025 0.0125 0.0175 0.005 0.005 0.0125 0.0025 0 0.005 0.0025 0.0375 0.0275 0.02 0.01 0.02 0.0025 0.0125 0.005 0.0275 0.015 0 0.005 0.0025 0.01 0.01 0.005 0.0075 0 0.0075 0.0175 0.005 0.015 0 0.025 0.0125 0.0025 0.0125 0.005 0.0125 0.025 0.0025 0.02 0.015 0.0025 0.005 0 0.0025 0.0075 0.01 0 0.02 0.015 0 0.01 0.0025 0.0125 0.005 0.0175 0.0075 
400000 0.0075 0.01 0 0 0 0.005 0.005 0.015 0 0 0.0175 0.0225 0 0.015 0 0.0125 0.0125 0 0.0075 0.01 0.005 0 0.02 0.01 0.015 0.0075 0.025 0.0175 0.0025 0 0 0.0125 0.015 0.005 0.01 0.015 0.005 0.02 0.0125 0.005 0.005 0.0025 0.02 0.0025 0.0125 0.015 0.0125 0.0025 0.0175 0.0175 0.005 0.005 0.0125 0.0025 0 0.005 0.0025 0.035 0.0275 0.02 0.01 0.02 0.0025 0.0125 0.005 0.0275 0.0175 0 0.005 0 0.01 0.01 0.005 0.0075 0 0.0075 0.0175 0.005 0.0175 0 0.0275 0.0125 0.0125 0.0125 0.0025 0.0225 0.015 0.0025 0.02 0.015 0.0025 0.005 0 0.0025 0.0075 0.0075 0 0.02 0.015 0 0.01 0.0025 0.0125 0.005 0.015 0.0075 
500000 0.0075 0.01 0 0 0.0025 0.005 0.005 0.015 0 0 0.005 0.0225 0 0.015 0 0.0125 0.0225 0 0.0075 0 0.005 0 0.0175 0.01 0.015 0.0075 0.02 0.0225 0.0025 0 0 0.02 0.01 0.005 0.01 0.02 0.005 0.0225 0.0125 0.005 0.01 0.0025 0.02 0.0025 0.0125 0.015 0.0075 0.0025 0.0125 0.0175 0.015 0.005 0.0125 0.0025 0 0.005 0.0025 0.035 0.0375 0.02 0.0075 0.0175 0.0025 0.0125 0.005 0.02 0.0175 0 0.005 0 0.01 0.01 0.005 0.015 0 0.0075 0.015 0.005 0.0175 0 0.0275 0.0125 0.0125 0.01 0.0025 0.0225 0.015 0.0025 0.02 0.015 0.0025 0.005 0 0.0025 0.0075 0.0075 0 0.02 0.015 0.005 0 0.0025 0.015 0.005 0.015 0.0075 
600000 0.0075 0.01 0 0 0.0075 0.005 0.005 0.02 0 0 0.005 0.0225 0 0.01 0 0.0125 0.0225 0 0.0075 0 0.005 0 0.0125 0.01 0.015 0.0075 0.02 0.0225 0.0025 0 0 0.0125 0.01 0.0025 0.005 0.02 0.005 0.0225 0.0125 0.005 0.0175 0.0025 0.02 0.0025 0.0125 0.015 0.0075 0.0025 0.0125 0.02 0.015 0.005 0.0125 0.0025 0 0.005 0.0025 0.0425 0.0375 0.02 0.0075 0.0225 0.0025 0.0125 0.005 0.02 0.015 0 0.005 0 0.01 0.01 0.005 0.015 0 0.0075 0.015 0.005 0.0175 0 0.035 0.0075 0.0125 0.01 0.0025 0.0225 0.0175 0.0025 0.02 0.015 0.0025 0.005 0 0.0025 0.0075 0.0075 0 0.0125 0.015 0.005 0 0.0025 0.015 0.005 0.015 0.005 
700000 0.0075 0.01 0 0 0.0075 0.005 0.005 0.02 0 0 0.005 0.0225 0 0.01 0 0.0125 0.0225 0 0.01 0 0.005 0 0.0125 0.01 0.015 0.0075 0.02 0.0225 0.0075 0 0 0.0125 0.01 0.0025 0.005 0.02 0.005 0.0225 0.0125 0.005 0.0175 0.0025 0.02 0.0025 0.0125 0.015 0.0075 0.0025 0.0125 0.02 0.015 0.005 0.0125 0.0025 0 0.005 0.0025 0.0475 0.0375 0.02 0.0075 0.0225 0.0025 0.0125 0.005 0.02 0.0125 0 0.005 0 0.01 0.005 0.005 0.015 0 0.0075 0.015 0.005 0.0175 0 0.035 0.0075 0.0125 0.01 0.0025 0.0225 0.0175 0.0025 0.02 0.015 0.0025 0.005 0 0.0025 0.0075 0.0075 0 0.0125 0.015 0 0 0.0025 0.015 0.005 0.015 0.005 
800000 0.0075 0.01 0 0 0.0075 0.005 0.005 0.02 0 0 0.005 0.0225 0 0.01 0 0.0125 0.0225 0 0.01 0 0.005 0 0.0125 0.01 0.015 0.0075 0.02 0.0175 0.0075 0 0 0.0125 0.01 0.0025 0.005 0.02 0.005 0.0225 0.0125 0.005 0.0175 0.0025 0.02 0.0025 0.0125 0.02 0.0075 0.0075 0.0125 0.02 0.0075 0.005 0.0125 0.0025 0 0.005 0.0025 0.0475 0.0375 0.0225 0.0075 0.0225 0.0025 0.0125 0.005 0.02 0.0125 0 0.005 0 0.01 0 0.005 0.015 0 0.0075 0.0175 0.005 0.015 0 0.035 0.0125 0.0125 0.01 0.0025 0.0225 0.0175 0.0025 0.02 0.015 0.0025 0.005 0 0.0025 0.0075 0.0075 0 0.0125 0.015 0 0 0.0025 0.015 0.005 0.015 0.005 
900000 0.0075 0.01 0 0.0075 0.0075 0.005 0.005 0.02 0 0 0.005 0.025 0 0.01 0 0.0125 0.0225 0 0.0075 0 0.005 0 0.0125 0.015 0.015 0.0075 0.02 0.015 0.0075 0 0 0.0125 0.0075 0.0025 0.005 0.02 0.005 0.02 0.01 0.0075 0.0175 0.0025 0.015 0.0025 0.005 0.02 0.0075 0.0075 0.0225 0.0275 0.0075 0.005 0.0125 0.0025 0 0.005 0.0025 0.0475 0.0375 0.02 0.0075 0.0225 0.0025 0.015 0.0025 0.02 0.0125 0 0.005 0 0.01 0 0.005 0.0175 0 0.0075 0.01 0.01 0.015 0 0.035 0.03 0.0125 0.0075 0.0025 0.015 0.0125 0.0025 0.0175 0.01 0.0025 0.005 0 0.0025 0.0075 0.0075 0 0.015 0.015 0 0 0.0025 0.015 0.005 0.01 0.005 
1000000 0.0075 0.0075 0 0.0075 0.0075 0.005 0.01 0.01 0 0 0.005 0.025 0 0.015 0 0.0125 0.0125 0 0.0075 0 0.005 0 0.0125 0.015 0.015 0.0075 0.02 0.0075 0.0025 0.0025 0 0.005 0.0075 0.0025 0.005 0.025 0.005 0.02 0.01 0.0075 0.0175 0.0025 0.0175 0.0025 0.005 0.0175 0.015 0.015 0.0225 0.0225 0.0075 0.005 0.0125 0.0025 0 0.005 0.0025 0.0475 0.0375 0.02 0.005 0.0225 0.0025 0.015 0.0025 0.0275 0.0225 0 0.005 0 0.01 0 0.005 0.0125 0 0.005 0.01 0.01 0.015 0 0.035 0.0275 0.0125 0.0075 0 0.015 0.0125 0.0025 0.0175 0.01 0.0025 0.0075 0 0.0025 0.0075 0.0075 0 0.025 0.015 0 0 0.0025 0.015 0.005 0.01 0.005 
1100000 0.0075 0.0075 0 0.0075 0.015 0.005 0.01 0.01 0 0 0.005 0.025 0 0.015 0 0.0125 0.005 0.0075 0.0075 0 0.005 0 0.0125 0.015 0.0125 0.0075 0.02 0.0075 0.0025 0.0025 0 0.005 0.0075 0.015 0.0075 0.025 0.005 0.0125 0.015 0.0075 0.0175 0.0025 0.0175 0.0025 0.005 0.025 0.0075 0.015 0.0225 0.02 0.0025 0.005 0.0125 0.0025 0 0.005 0.0075 0.0325 0.0375 0.015 0.0125 0.015 0.0025 0.0125 0.005 0.0275 0.0225 0 0.005 0.0025 0.01 0 0.005 0.0125 0 0.005 0.01 0.01 0.015 0 0.035 0.0275 0.0125 0.0075 0 0.01 0.0125 0.005 0.01 0.01 0.0025 0.015 0 0.0025 0.0075 0.01 0 0.0125 0.015 0.01 0 0.0025 0.0175 0.005 0.0125 0.005 
1200000 0.0075 0.0075 0 0.0075 0.015 0.005 0.0125 0.01 0 0 0.0075 0.0275 0 0.025 0 0.0025 0.005 0.0075 0.0075 0 0.005 0 0.0125 0.015 0.0125 0.0075 0.02 0.0075 0.0025 0.0025 0 0.005 0.0075 0.015 0.0075 0.0225 0.005 0.0125 0.015 0.0075 0.0175 0.0025 0.01 0.0025 0.0025 0.025 0.0075 0.015 0.0225 0.0175 0.0025 0.005 0.0125 0.015 0 0.005 0.0075 0.0325 0.0275 0.015 0.0125 0.015 0.0025 0.0125 0.005 0.0275 0.0225 0 0.005 0.0025 0.01 0 0.005 0.0175 0 0.005 0.01 0.01 0.015 0 0.0275 0.0275 0.0125 0.0075 0 0.01 0.0125 0.005 0.01 0.01 0.0025 0.015 0 0.0025 0.0075 0.01 0.01 0.0125 0.0075 0.01 0 0.01 0.0175 0.005 0.01 0.005 
1300000 0.0075 0.0075 0 0.0075 0.015 0.005 0.0125 0.01 0 0 0.0075 0.0275 0 0.025 0 0 0.005 0.0075 0.005 0.0025 0.005 0 0.0125 0.015 0.01 0.0075 0.0125 0.0125 0.0025 0.0025 0 0.005 0.0075 0.015 0.015 0.02 0.005 0.0125 0.015 0.005 0.0175 0.0025 0.01 0.0025 0.005 0.0225 0.0075 0.0175 0.0225 0.0125 0.0025 0.005 0.0125 0.015 0 0.005 0.0075 0.0325 0.0275 0.02 0.0125 0.0175 0 0.0125 0.005 0.0275 0.0225 0 0.005 0.0025 0.01 0 0.005 0.0175 0 0.005 0.01 0.01 0.02 0 0.025 0.0275 0.02 0.01 0 0.01 0.0125 0.005 0.01 0.01 0 0.0175 0 0.0025 0.01 0.01 0.01 0.0125 0.0025 0.01 0 0.01 0.015 0.005 0.01 0 
1400000 0.0075 0.0075 0 0.0075 0.015 0.005 0.0125 0.01 0 0 0.0075 0.03 0 0.025 0 0 0.005 0.0075 0.005 0.0025 0.005 0 0.0125 0.015 0.01 0.0075 0.0125 0.0125 0 0.0025 0 0.005 0.0075 0.015 0.015 0.0225 0.005 0.01 0.015 0.005 0.0175 0.0025 0.01 0 0.005 0.0225 0.0075 0.0175 0.0225 0.0125 0.0025 0.005 0.0125 0.015 0 0.005 0.0075 0.0325 0.0275 0.02 0.0125 0.015 0 0.0025 0.005 0.0275 0.0225 0 0.005 0.0025 0.01 0.0025 0.005 0.02 0 0.005 0.0125 0.01 0.0225 0 0.025 0.03 0.0175 0.01 0 0.01 0.0125 0.0025 0.01 0.01 0 0.0175 0 0.0025 0.01 0.005 0.01 0.015 0.0025 0.01 0.0025 0.01 0.015 0.005 0.0175 0 
1500000 0.0075 0.0075 0 0.0075 0.015 0.005 0.0125 0.01 0 0 0.0075 0.0325 0 0.025 0 0 0.0075 0.0075 0.005 0.0025 0.005 0 0.0125 0.015 0.01 0.0075 0.0125 0.0125 0 0.0025 0 0.005 0.0075 0.0125 0.015 0.0225 0.0025 0.01 0.0175 0.0075 0.0175 0.0025 0.0075 0 0.005 0.0225 0.0075 0.0175 0.0175 0.0125 0.005 0.005 0.0125 0.015 0 0.005 0.0075 0.0325 0.0275 0.02 0.0125 0.015 0 0.0025 0.005 0.0275 0.0225 0 0.005 0.0025 0.01 0.0025 0.005 0.02 0 0.005 0.01 0.01 0.0225 0 0.0125 0.0425 0.015 0.0125 0 0.01 0.0125 0.0025 0.01 0.01 0 0.0225 0 0.0025 0.0075 0.005 0.01 0.015 0.0025 0.01 0.0025 0.01 0.015 0.005 0.0175 0 
1600000 0.0075 0.0075 0 0.0125 0.015 0.005 0.0125 0.01 0 0 0.0075 0.0325 0 0.025 0 0 0.0075 0.0075 0.005 0.005 0.005 0 0.0125 0.0175 0.01 0.0075 0.0125 0.0125 0.005 0 0 0.005 0.0075 0.0125 0.015 0.0225 0.0025 0.01 0.0175 0.005 0.0175 0.0025 0.0075 0 0.005 0.0225 0.0075 0.0125 0.0175 0.0125 0.005 0.005 0.0125 0.015 0 0.005 0.0075 0.0275 0.0275 0.02 0.01 0.015 0 0 0.0075 0.0275 0.0225 0 0.005 0.0025 0.01 0 0.005 0.02 0 0.005 0.0075 0.01 0.0225 0 0.0125 0.04 0.015 0.0125 0 0.01 0.0125 0.0025 0.0125 0.0125 0 0.0225 0 0.0025 0.0075 0.005 0.01 0.015 0.0025 0.01 0.0025 0.015 0.015 0.005 0.0175 0 
1700000 0.0075 0.0075 0 0.005 0.015 0.005 0.015 0.01 0 0 0.0075 0.0275 0 0.0225 0 0 0.0075 0.0075 0.0075 0.005 0.005 0 0.0125 0.0175 0.0125 0.0075 0.0125 0.0075 0.005 0 0 0.005 0.0075 0.0125 0.015 0.0225 0.0025 0.01 0.0175 0.005 0.015 0.0025 0.0075 0 0.005 0.0225 0.0075 0.0125 0.0175 0.0125 0.005 0.005 0.0125 0.015 0 0.005 0.0075 0.0275 0.0275 0.02 0.0125 0.015 0 0 0.0075 0.0275 0.0225 0 0.005 0.0025 0.01 0 0.005 0.02 0 0.005 0.0075 0.01 0.0225 0 0.0125 0.0375 0.015 0.0125 0.005 0.01 0.0125 0.0025 0.02 0.0125 0 0.0225 0 0.0025 0.0075 0.005 0.01 0.015 0.0025 0.01 0.0025 0.0175 0.0125 0.005 0.02 0 
1800000 0 0.0075 0 0.005 0.0175 0.005 0.015 0.01 0 0 0.0075 0.0275 0 0.0225 0 0 0.0075 0.0075 0.0075 0.005 0.005 0 0.0125 0.0175 0.0125 0.0075 0.0125 0.0075 0.005 0 0 0.005 0.0125 0.0125 0.015 0.0225 0.0025 0.005 0.0175 0.005 0.015 0.0025 0.0075 0 0.005 0.0175 0.005 0.0125 0.0175 0.02 0.005 0.005 0.0125 0.0175 0 0.01 0.0075 0.0275 0.0275 0.02 0.0125 0.015 0 0 0.0075 0.0275 0.02 0 0.005 0.0025 0.01 0 0.005 0.02 0 0.005 0.0075 0.01 0.0225 0 0.0125 0.0375 0.0125 0.0125 0.005 0.01 0.0125 0.0025 0.02 0.0125 0 0.0225 0 0.0025 0.0075 0.005 0.01 0.015 0.0025 0.01 0.0025 0.0175 0.0125 0.005 0.02 0.0025 
1900000 0 0.015 0 0.005 0.0175 0.005 0.015 0.01 0 0 0.0075 0.0275 0 0.0225 0 0 0.0075 0 0.0075 0.005 0.005 0 0.0125 0.0175 0.0125 0.0075 0.02 0.0075 0.005 0 0 0.0075 0.0125 0.0125 0.015 0.0225 0.0025 0.005 0.0175 0.005 0.015 0.0025 0.0075 0 0.005 0.0175 0.005 0.0125 0.0175 0.02 0.005 0.005 0.0125 0.0175 0 0.01 0.0075 0.0275 0.0275 0.02 0.0125 0.015 0 0 0.0075 0.0275 0.02 0 0.005 0.0025 0.01 0 0.005 0.02 0 0.005 0.0075 0.01 0.0225 0 0.0125 0.0375 0.0125 0.0125 0.005 0.01 0.0125 0 0.015 0.0125 0.005 0.015 0 0.0025 0.0075 0.005 0.01 0.015 0.0025 0.01 0.0025 0.015 0.0125 0.005 0.02 0.005 
2000000 0 0.015 0 0.005 0.02 0.005 0.015 0.01 0 0 0.0075 0.025 0 0.0225 0 0 0.0075 0 0.0075 0.005 0.005 0 0.015 0.0175 0.01 0.0075 0.02 0.0075 0.005 0 0 0.0075 0.0125 0.0125 0.015 0.0225 0.0025 0.005 0.0175 0.005 0.0175 0.0025 0.0075 0 0.005 0.0175 0.005 0.0125 0.0175 0.02 0.005 0.005 0.0125 0.0175 0 0.015 0.0075 0.0275 0.025 0.02 0.0125 0.015 0 0 0.0075 0.0275 0.02 0 0.005 0.0025 0.01 0 0.005 0.02 0 0.005 0.0075 0.01 0.0225 0 0.0125 0.0375 0.0125 0.0125 0.005 0.01 0.0125 0 0.015 0.0125 0.005 0.015 0 0.0025 0.0075 0.005 0.01 0.015 0.0025 0.005 0.0025 0.015 0.0125 0.005 0.02 0.005 
2100000 0 0.015 0 0.005 0.02 0.0075 0.015 0.01 0 0.0025 0.0075 0.025 0 0.0225 0 0 0.0075 0 0.0075 0.0025 0.005 0 0.015 0.0175 0.01 0.0075 0.02 0.0075 0.005 0 0 0.005 0.0125 0.0125 0.015 0.0225 0.0025 0.005 0.0175 0.005 0.0175 0 0.0075 0 0.005 0.0175 0.005 0.0125 0.0175 0.02 0.005 0.005 0.0125 0.0175 0 0.0175 0.0075 0.0275 0.025 0.02 0.0125 0.015 0 0 0.0075 0.0275 0.02 0 0.005 0.0025 0.01 0 0.005 0.02 0 0.005 0.0075 0.01 0.0225 0 0.0175 0.0375 0.0125 0.0125 0.005 0.01 0.0075 0.005 0.015 0.0125 0.005 0.015 0 0.0025 0.0075 0.005 0.01 0.015 0.0025 0.005 0.0025 0.015 0.0125 0 0.02 0.005 
2200000 0 0.015 0 0.005 0.02 0.0075 0.015 0.01 0 0.0025 0.0075 0.025 0 0.0225 0 0 0.0075 0 0.0075 0.0025 0.005 0 0.0075 0.0175 0.01 0.0075 0.02 0.0075 0.005 0 0 0.005 0.0125 0.0125 0.015 0.0225 0.0025 0.0025 0.0175 0.005 0.0175 0 0.0075 0 0.005 0.0175 0.005 0.0125 0.0175 0.02 0.005 0.005 0.0125 0.0175 0 0.0175 0.0075 0.0275 0.025 0.02 0.0125 0.015 0 0 0.0075 0.0275 0.02 0 0.005 0.0025 0.01 0 0.0025 0.02 0.0025 0.005 0.015 0.01 0.0275 0.0025 0.0175 0.0375 0.0125 0.0125 0.005 0.01 0.0075 0.005 0.015 0.0125 0.005 0.015 0 0 0.0075 0.005 0.01 0.015 0.0025 0.005 0.0025 0.015 0.0125 0 0.02 0.0025 
2300000 0 0.015 0 0.005 0.015 0.0075 0.015 0.01 0 0.005 0.0075 0.025 0 0.0225 0 0 0.0075 0 0.0075 0.0025 0.005 0 0.0075 0.0175 0.01 0.0075 0.025 0.0075 0.005 0 0 0.005 0.0125 0.0125 0.0125 0.025 0.0025 0 0.0225 0.005 0.0175 0 0.0075 0 0.01 0.0125 0.005 0.0075 0.0175 0.02 0.005 0.005 0.0125 0.0175 0 0.0175 0.0075 0.0275 0.025 0.02 0.0125 0.015 0 0 0.0075 0.0275 0.0225 0 0.005 0.0025 0.01 0.005 0.0025 0.02 0.0025 0.005 0.015 0.01 0.0225 0.0025 0.015 0.0375 0.0125 0.0125 0.005 0.01 0.0075 0.005 0.015 0.0125 0.005 0.015 0 0 0.0075 0.005 0.01 0.015 0.0025 0.005 0.0025 0.015 0.0125 0 0.02 0.0025 
2400000 0 0.015 0 0.005 0.0075 0.0075 0.0175 0.01 0 0.005 0.015 0.025 0 0.0225 0 0 0.02 0 0.005 0.0025 0.005 0 0.0075 0.0175 0.01 0.005 0.0225 0.0025 0.005 0.0025 0 0.005 0.0125 0.0125 0.0125 0.0275 0 0.0025 0.02 0.005 0.01 0 0.0075 0 0.0125 0.0075 0.005 0.0075 0.0175 0.02 0.005 0.005 0.0175 0.0175 0 0.0125 0.0075 0.0275 0.025 0.0225 0.0125 0.015 0 0 0.0075 0.0275 0.0225 0 0 0.0025 0.01 0.005 0.0025 0.0225 0.0025 0.005 0.015 0.01 0.0225 0.0025 0.02 0.04 0.0125 0.0125 0.005 0.01 0 0.005 0.015 0.01 0.005 0.015 0 0 0.0075 0.005 0.01 0.015 0.0125 0.005 0 0.015 0.0125 0 0.02 0.0025 
2500000 0.0025 0.015 0 0.005 0.0075 0.0075 0.015 0.01 0 0.005 0.015 0.0225 0 0.02 0 0 0.02 0 0.005 0.0025 0.005 0 0.0075 0.0175 0.01 0.0075 0.0225 0.0025 0.005 0.0025 0 0.005 0.0125 0.0125 0.0125 0.0275 0 0.0025 0.02 0.005 0.01 0 0.0075 0 0.0125 0.0075 0.005 0.0075 0.0175 0.02 0.005 0.005 0.015 0.0175 0 0.0125 0.0075 0.0275 0.0225 0.025 0.0125 0.015 0 0 0.015 0.0275 0.0225 0 0 0.0025 0.0025 0.005 0.0025 0.0225 0.005 0.005 0.015 0.01 0.0225 0.0025 0.02 0.04 0.0125 0.01 0.005 0.0075 0 0.005 0.015 0.01 0.0075 0.015 0 0 0.0075 0.005 0.01 0.015 0.0125 0.005 0.0025 0.015 0.0125 0 0.0225 0.0025 
2600000 0.0025 0.0075 0 0.005 0 0.015 0.015 0.01 0 0.005 0.015 0.0225 0 0.02 0 0 0.025 0.0075 0.005 0.0025 0.005 0 0.0075 0.0175 0.0075 0.0075 0.0225 0.0025 0.005 0.0025 0 0.005 0.0125 0.0125 0.0125 0.0275 0 0.0025 0.02 0.005 0.0125 0 0.0075 0 0.0125 0.0075 0.005 0.0075 0.0175 0.02 0.005 0.005 0.015 0.0175 0 0.0125 0.0075 0.0275 0.0225 0.025 0.0125 0.015 0 0 0.015 0.0275 0.0225 0 0 0.0025 0.0025 0.005 0.0025 0.0225 0.005 0.005 0.015 0.015 0.0225 0.0025 0.02 0.0375 0.0125 0.01 0.005 0.0075 0 0.005 0.015 0.01 0.0075 0.015 0 0 0.0075 0.005 0.01 0.015 0.015 0.005 0.0025 0.005 0.0125 0 0.0225 0.0025 
2700000 0.0025 0.0075 0 0.005 0 0.015 0.015 0.01 0 0.0075 0.015 0.0225 0 0.02 0 0 0.02 0.0125 0.005 0.0025 0.005 0 0.0075 0.0175 0.0075 0.0075 0.02 0.005 0.005 0.0025 0 0.005 0.0125 0.0125 0.0125 0.025 0 0.0025 0.0175 0.005 0.01 0.0025 0.0075 0 0.015 0.0075 0.005 0.0075 0.0175 0.02 0.005 0.0025 0.015 0.0125 0 0.0125 0.0075 0.0325 0.02 0.0275 0.0125 0.015 0 0 0.015 0.035 0.025 0 0 0.0025 0.0025 0.005 0.0025 0.0225 0.005 0.005 0.0125 0.01 0.0225 0.0025 0.02 0.0375 0.0125 0.0025 0.005 0.01 0 0.005 0.015 0.01 0.0075 0.015 0 0 0.0075 0.005 0.01 0.015 0.015 0.005 0.0025 0.01 0.0125 0 0.0225 0.0025 
2800000 0.0025 0.0075 0 0.005 0 0.015 0.015 0.01 0 0.0075 0.015 0.0225 0 0.02 0 0 0.02 0.0175 0.005 0.0025 0.005 0 0.0075 0.0175 0.0075 0.0075 0.02 0.005 0.005 0.0025 0 0.005 0.0125 0.01 0.0125 0.02 0 0.0025 0.015 0.005 0.01 0.0025 0.0075 0 0.015 0.0075 0.005 0.0075 0.0175 0.02 0.005 0.0025 0.015 0.0125 0 0.0125 0.01 0.0325 0.02 0.035 0.0125 0.015 0 0 0.015 0.035 0.025 0.0075 0 0.0025 0.0025 0.005 0.0025 0.0175 0.005 0.005 0.0125 0.01 0.0225 0.0025 0.02 0.035 0.0125 0.0025 0.005 0.01 0 0.005 0.01 0.01 0.0075 0.015 0 0 0.0075 0.005 0.01 0.015 0.015 0.005 0.0025 0.01 0.0125 0 0.0225 0.0025 
2900000 0.0025 0.0075 0 0.005 0 0.015 0.01 0.01 0 0.0075 0.015 0.0225 0 0.02 0 0 0.02 0.0175 0.005 0.0025 0.005 0 0.0075 0.0175 0.0075 0.0075 0.02 0.005 0.005 0.0025 0 0.005 0.0125 0.01 0.0125 0.0175 0 0.0025 0.02 0.005 0.01 0.0025 0.0075 0 0.015 0.0075 0.0025 0.0075 0.0125 0.02 0.0075 0.0025 0.015 0.0125 0.0075 0.0175 0.01 0.0325 0.02 0.035 0.0125 0.015 0 0 0.015 0.0325 0.025 0.0075 0 0.0025 0.0025 0.005 0.0025 0.025 0.0025 0.005 0.0125 0.01 0.0225 0.0025 0.02 0.0275 0.0125 0.0025 0.005 0.01 0 0.005 0.01 0.01 0.01 0.015 0 0 0.0075 0.005 0.0125 0.015 0.01 0.005 0.0025 0.01 0.0125 0 0.0225 0.0025 
3000000 0.0025 0.0075 0 0.005 0 0.015 0.01 0.01 0 0.0075 0.0075 0.0225 0 0.02 0 0 0.015 0.0175 0.005 0.0025 0.0025 0 0.0075 0.0175 0.0075 0.01 0.02 0.005 0.005 0.01 0 0.01 0.0125 0.01 0.0125 0.0175 0 0.0025 0.0225 0.005 0.0175 0.0025 0.0075 0 0.015 0.0075 0.0025 0.0075 0.0125 0.02 0.0075 0.0025 0.015 0.0125 0.0075 0.0175 0.01 0.0325 0.0125 0.04 0.0125 0.015 0 0 0.015 0.0325 0.025 0.0075 0 0.0025 0.0025 0.005 0.0025 0.025 0.0025 0.005 0.0125 0.01 0.02 0.0025 0.02 0.0275 0.0125 0.0025 0.005 0.01 0 0.0025 0.01 0.005 0.01 0.015 0 0 0.0075 0.005 0.0125 0.015 0.01 0.005 0.0025 0.01 0.015 0 0.0225 0.0025 
3100000 0.0025 0.0075 0 0.005 0 0.015 0.005 0.01 0 0.0075 0.0075 0.025 0.0025 0.02 0 0 0.015 0.0175 0.005 0.0025 0.0025 0 0.0075 0.0175 0.0075 0.0125 0.0175 0.0075 0.005 0.01 0 0.01 0.015 0.01 0.0125 0.0175 0 0.005 0.02 0.005 0.0175 0.0025 0.0075 0 0.015 0.0075 0 0.005 0.005 0.0275 0.0075 0.0025 0.0225 0.015 0.0075 0.0175 0.01 0.0275 0.01 0.035 0.0125 0.015 0 0 0.0125 0.0325 0.0275 0.0075 0 0 0 0.005 0.0025 0.0175 0.0025 0.005 0.0125 0.01 0.02 0.0025 0.02 0.0275 0.0125 0.0025 0.005 0.01 0 0.0025 0.0075 0.005 0.01 0.015 0 0 0.0075 0.0075 0.0125 0.015 0.015 0.01 0.0025 0.01 0.015 0 0.0275 0.0025 
3200000 0.005 0.0075 0 0.005 0 0.015 0.005 0.01 0 0.0075 0.01 0.015 0.0025 0.02 0 0 0.015 0.02 0.005 0.0025 0.0025 0 0.015 0.0075 0.0075 0.01 0.01 0.015 0.01 0.01 0 0.01 0.015 0.01 0.0125 0.0275 0 0.005 0.02 0.005 0.0175 0.0025 0.0075 0 0.015 0.0125 0 0.005 0.005 0.02 0.0075 0.0025 0.0225 0.015 0.0075 0.0175 0.01 0.0275 0.01 0.035 0.0125 0.015 0 0.0025 0.0125 0.035 0.0275 0.0075 0 0 0 0.005 0.0025 0.0125 0.0025 0 0.0125 0.01 0.02 0.005 0.0175 0.0275 0.0125 0.0025 0.0075 0.0025 0 0.0025 0.0075 0.005 0.01 0.015 0.01 0 0.0075 0.005 0.01 0.0175 0.015 0.01 0.005 0.01 0.015 0 0.0225 0.0025 
3300000 0.0125 0.0075 0 0.005 0 0.0125 0.005 0.01 0 0.0075 0.0075 0.015 0.0025 0.02 0 0 0.015 0.02 0.0075 0.0025 0.0025 0 0.015 0.01 0.0075 0.01 0.01 0.015 0.01 0.01 0 0.0125 0.01 0.01 0.0125 0.0275 0 0.005 0.02 0.005 0.0175 0.0025 0.0075 0 0.015 0.0125 0 0.005 0.005 0.0225 0.0075 0.0025 0.0225 0.015 0.0075 0.0175 0.0125 0.0275 0.01 0.035 0.0125 0.015 0 0.0025 0.0125 0.0325 0.0275 0.0075 0 0 0 0.005 0.0025 0.0125 0.0025 0 0.0125 0.01 0.02 0.005 0.02 0.0275 0.0125 0.0025 0.0075 0.0025 0 0 0.0075 0.005 0.01 0.015 0.01 0 0.0075 0.005 0.01 0.0175 0.015 0.01 0.005 0.01 0.0075 0 0.0225 0.0025 
3400000 0.015 0.0075 0 0.005 0 0.0125 0.005 0.01 0 0.0075 0.0075 0.0175 0.0025 0.02 0 0 0.015 0.02 0.0075 0.0025 0.0025 0 0.015 0.0075 0.0075 0.01 0.01 0.015 0.01 0.01 0 0.0125 0.01 0 0.0125 0.0275 0 0.005 0.0125 0.005 0.0175 0.0025 0.0075 0 0.015 0.0125 0.005 0 0.0025 0.0225 0.0075 0.0125 0.0225 0.0175 0.0075 0.0175 0.0075 0.03 0.01 0.0325 0.0125 0.015 0.0025 0 0.0125 0.0325 0.03 0.0075 0 0 0 0.005 0.0025 0.0125 0.0025 0 0.0125 0.01 0.02 0.005 0.02 0.0275 0.0125 0.0025 0.0075 0.0025 0 0 0.015 0.005 0.01 0.015 0.01 0 0.0075 0.005 0.01 0.0175 0.015 0.01 0.005 0.01 0.0075 0 0.0225 0.0025 
3500000 0.015 0.0075 0 0.005 0 0.0125 0.005 0.01 0 0.0075 0.0075 0.0175 0.0025 0.02 0 0 0.015 0.02 0.0075 0.0025 0.0025 0 0.015 0.0075 0.0075 0.01 0.01 0.015 0.01 0.01 0 0.0125 0.01 0 0.0125 0.0275 0 0.005 0.0125 0.005 0.02 0 0.0075 0 0.015 0.0125 0.005 0 0.0025 0.0225 0.0075 0.0125 0.0225 0.0175 0.0075 0.0175 0.0075 0.03 0.01 0.0325 0.0125 0.015 0.0025 0 0.0125 0.0325 0.03 0.0075 0 0 0 0.005 0.0025 0.0125 0.0025 0 0.0125 0.01 0.02 0.005 0.02 0.0275 0.0125 0.0025 0.0075 0.0025 0 0 0.015 0.005 0.01 0.015 0.01 0 0.0075 0.005 0.01 0.0175 0.015 0.01 0.005 0.01 0.0075 0 0.0225 0.0025 
3600000 0.015 0.0075 0 0.005 0 0.0125 0.0025 0.01 0 0.0075 0.01 0.0175 0.0025 0.02 0 0 0.02 0.01 0.01 0.0025 0.0025 0 0.015 0.0075 0.0075 0.01 0.015 0.015 0.01 0.01 0 0.01 0.01 0 0.0125 0.0275 0 0.005 0.0125 0.005 0.02 0 0.0075 0 0.015 0.0125 0.005 0 0.0025 0.0225 0.0075 0.01 0.0225 0.0175 0.0075 0.0175 0.0075 0.03 0.0075 0.0325 0.0125 0.015 0.0025 0 0.0125 0.0275 0.03 0.0075 0 0 0 0.005 0.0025 0.01 0.0025 0 0.0125 0.01 0.02 0.005 0.02 0.0275 0.0125 0.0025 0.0075 0.0025 0 0 0.0175 0.005 0.01 0.015 0.01 0 0.005 0.005 0.01 0.0175 0.015 0.01 0.005 0.02 0.0075 0 0.0225 0.005 
3700000 0.015 0.0075 0 0.005 0 0.0125 0.0025 0.01 0 0.0075 0.015 0.0175 0.0025 0.02 0 0 0.02 0.01 0.01 0.0025 0.0025 0 0.015 0.0075 0.0075 0.01 0.01 0.015 0.01 0.01 0 0.01 0.01 0 0.0125 0.0275 0 0.0025 0.0125 0.005 0.02 0.005 0.0075 0 0.015 0.0125 0.005 0 0.0025 0.02 0.0075 0.01 0.0175 0.015 0.0075 0.0175 0.0025 0.03 0.0075 0.0325 0.0125 0.015 0.0025 0 0.0125 0.0275 0.03 0.0075 0 0 0 0.0075 0.0025 0.01 0.0025 0 0.0125 0.01 0.02 0.005 0.02 0.0275 0.0125 0.0025 0.0075 0.0025 0 0 0.0175 0.0075 0.01 0.015 0.01 0 0.005 0.01 0.01 0.0175 0.015 0.01 0.005 0.0225 0.0075 0 0.0225 0.005 
3800000 0.015 0.0075 0 0.005 0 0.0125 0.0025 0.01 0 0.0075 0.015 0.0175 0.0025 0.02 0 0 0.02 0.01 0.01 0.005 0.0025 0 0.015 0.0075 0.0075 0.01 0.01 0.015 0.01 0.01 0 0.01 0.01 0 0.0125 0.0275 0 0.0025 0.0125 0.005 0.02 0.005 0.0075 0 0.015 0.0125 0.005 0 0.0025 0.02 0.0075 0.01 0.0175 0.015 0.0075 0.0175 0.0025 0.03 0.0075 0.0325 0.015 0.015 0.0025 0 0.0125 0.0275 0.03 0.0075 0 0 0 0.0075 0.0025 0.01 0.0025 0 0.0125 0.01 0.0225 0 0.02 0.0275 0.0125 0.0025 0.0075 0.0025 0 0 0.0175 0.0075 0.01 0.015 0.01 0 0.005 0.01 0.01 0.0175 0.0125 0.01 0.005 0.0225 0.0075 0 0.0225 0.005 
3900000 0.0125 0.01 0 0.005 0 0.0125 0.0025 0.01 0 0.0075 0.015 0.02 0.0025 0.0175 0 0 0.02 0.01 0.01 0.005 0.0025 0 0.015 0.01 0.0075 0.01 0.01 0.015 0.01 0.01 0 0.01 0.01 0.0025 0.0125 0.0275 0 0.0025 0.0125 0.0075 0.02 0.005 0.0025 0.005 0.0175 0.0125 0.005 0 0.0025 0.02 0.0075 0.01 0.015 0.015 0.0075 0.0175 0.0025 0.0225 0.0075 0.03 0.0175 0.015 0.0075 0 0.0125 0.0275 0.025 0.0075 0 0 0 0.0075 0.0025 0.01 0.0025 0 0.0125 0.01 0.02 0 0.02 0.0275 0.0125 0.0025 0.0075 0.0025 0 0 0.0175 0.0075 0.01 0.015 0.01 0 0.005 0.01 0.01 0.0175 0.0125 0.01 0.005 0.025 0.0075 0 0.0225 0.005 
